1	30692	30692	230824_at	0.493423	8.084579	8.115094
2	40441	40441	240578_at	0.479546	34.725121	34.929100
3	8481	8481	208924_at	0.458778	5679.500977	5723.465820
4	47965	47965	1556685_at	0.442702	4.881458	5.622676
5	8489	8489	208932_at	0.397313	2155.456055	2157.271973
5	53433	53433	1567440_at	0.397313	88.046280	88.062134
6	8889	8889	209334_s_at	0.395816	185.318802	188.813507
6	22220	22220	63825_at	0.395816	1563.135986	1566.369019
6	41007	41007	241144_at	0.395816	25.232100	29.589840
6	44832	44832	1552367_a_at	0.395816	3.127914	3.219466
6	48401	48401	1557362_at	0.395816	5.000758	5.010686
7	7648	7648	208077_at	0.370590	47.331139	48.771820
7	9199	9199	209648_x_at	0.370590	501.841797	527.391907
7	24371	24371	224496_s_at	0.370590	635.001770	638.910095
7	25820	25820	225950_at	0.370590	710.358826	744.237915
7	29145	29145	229277_at	0.370590	66.888924	71.563072
8	835	835	201245_s_at	0.352161	2459.225098	2460.563965
8	2249	2249	202659_at	0.352161	5089.146973	5119.247070
8	4530	4530	204941_s_at	0.352161	8.180714	8.224646
8	5312	5312	205723_at	0.352161	55.262600	61.460918
