8481
40441
8489
30692
53433
7515
7648
9199
10632
21828
23659
24371
24811
24908
25820
26598
26698
29145
29512
34266
36934
37653
40819
41509
42355
47897
47965
51298
51395
52341
395
581
2738
3013
3044
3141
3641
3834
4753
5164
5312
5372
6048
6067
7791
8241
8511
8726
8889
8924
11142
11834
12794
13173
14731
14928
15566
16312
16418
16573
16707
18689
19206
19233
19335
20827
21770
21865
22220
27809
28663
29488
30021
30636
31819
32027
32426
32649
33602
33718
33963
34332
34333
34880
36805
36980
39348
39489
40342
40926
41007
41857
42924
43493
44832
45204
45613
46495
46965
47665
