30692
40441
8481
47965
8489
53433
8889
22220
41007
44832
48401
7648
9199
24371
25820
29145
835
2249
4530
5312
6048
6463
10886
12321
20030
21521
21770
34332
34365
34794
35353
37373
37998
38826
38930
10632
21828
23659
24908
37653
40819
41509
47897
7515
24811
26598
26698
29512
34266
36934
42355
51298
51395
52341
7791
11834
18689
30636
3834
19206
32027
32649
33602
33718
48252
53333
53713
964
3341
4002
4589
4614
5736
5873
7779
7788
9352
10684
15724
16042
16312
16573
17385
18736
19313
19547
20430
20899
21934
23877
27961
28089
28635
30071
30197
30491
31455
38298
39814
40094
