8481
2738
3013
3641
5312
5372
7515
7791
8489
11142
13173
14928
15566
16418
16707
22220
24811
26598
26698
29145
29488
29512
30021
30636
30692
34266
34333
36934
37653
39348
40342
40441
41857
42355
43493
47897
49090
50516
50767
51298
51395
52341
53218
53433
111
436
581
713
990
1186
1221
1284
1371
1449
1495
1527
1633
2249
2313
2963
3042
3058
3141
3146
3450
3512
3920
4440
4626
4711
4753
5138
5164
6048
6067
6808
7039
7394
7472
7684
8037
8111
8376
8454
8511
8679
8718
8726
8780
8889
8987
9044
9535
9611
9709
9902
9905
10009
10480
10632
