40441
8481
30692
8489
53433
47965
7648
9199
24371
25820
29145
10632
21828
23659
24908
37653
40819
41509
47897
8889
22220
41007
44832
48401
7515
24811
26598
26698
29512
34266
36934
42355
51298
51395
52341
3834
7791
11834
18689
19206
21770
30636
32027
32649
33602
33718
34332
48252
53333
53713
835
2249
4530
5312
6048
6463
10886
12321
20030
21521
34365
34794
35353
37373
37998
38826
38930
395
3013
3044
3141
4753
6067
8241
8726
8924
14731
16312
19233
19335
21865
28663
32426
33963
34880
36805
36980
39489
40342
40926
43493
45204
46495
46965
49327
49521
54060
54181
581
5164
