30692
22220
16312
40779
28089
6067
29911
19335
44592
1284
22158
31549
38530
40342
53659
8726
18689
12724
19577
47419
37759
30463
1054
53325
28917
34745
5285
1056
7788
8489
7515
26114
47970
10785
713
30025
8481
32426
52341
40288
41165
37167
34767
30217
24065
47228
48252
46694
39520
35570
17258
26598
44840
35844
36372
12794
14694
16730
14515
8376
30636
8265
15566
46077
13819
8987
53218
13549
4246
44279
26448
36805
14922
33963
37056
53216
48677
21441
21770
21521
14785
10194
39087
43334
42179
16976
20808
22606
23875
47665
45187
29828
9658
35024
21828
38143
53376
44325
1221
17387
