30692
22220
48252
16312
8987
31549
6067
16573
8481
40342
44592
7515
8265
8889
40779
19335
47419
40441
8489
34745
32426
12724
49854
35542
51395
21521
21770
23709
28089
26448
5312
1284
26178
17258
8726
12794
15566
36805
9800
28917
22158
47970
49545
18801
2963
35844
7394
22606
23659
53659
21651
11834
29145
18689
22425
28967
3207
52341
37759
44572
41165
51310
30025
35570
29911
5285
46077
29062
5763
1054
9199
1056
16894
7123
36934
47479
45613
8718
30636
38062
50610
35353
30463
39238
713
23561
19114
24371
3271
6767
41759
30217
16125
44739
631
49956
26598
29828
21428
3013
