8481,30692,40441,8481,40441,30692,30692,40441
40441,40441,8481,2738,8481,22220,22220,8481
8489,8481,30692,3013,30692,16312,48252,30692
30692,47965,8489,3641,8489,40779,16312,8489
53433,8489,53433,5312,53433,28089,8987,53433
7515,53433,47965,5372,47965,6067,31549,47965
7648,8889,7648,7515,7648,29911,6067,7648
9199,22220,9199,7791,9199,19335,16573,9199
10632,41007,24371,8489,24371,44592,8481,24371
21828,44832,25820,11142,25820,1284,40342,25820
23659,48401,29145,13173,29145,22158,44592,29145
24371,7648,10632,14928,10632,31549,7515,10632
24811,9199,21828,15566,21828,38530,8265,21828
24908,24371,23659,16418,23659,40342,8889,23659
25820,25820,24908,16707,24908,53659,40779,24908
26598,29145,37653,22220,37653,8726,19335,37653
26698,835,40819,24811,40819,18689,47419,40819
29145,2249,41509,26598,41509,12724,40441,41509
29512,4530,47897,26698,47897,19577,8489,47897
34266,5312,8889,29145,8889,47419,34745,8889
36934,6048,22220,29488,22220,37759,32426,22220
37653,6463,41007,29512,41007,30463,12724,41007
40819,10886,44832,30021,44832,1054,49854,44832
41509,12321,48401,30636,48401,53325,35542,48401
42355,20030,7515,30692,7515,28917,51395,7515
47897,21521,24811,34266,24811,34745,21521,24811
47965,21770,26598,34333,26598,5285,21770,26598
51298,34332,26698,36934,26698,1056,23709,26698
51395,34365,29512,37653,29512,7788,28089,29512
52341,34794,34266,39348,34266,8489,26448,34266
395,35353,36934,40342,36934,7515,5312,36934
581,37373,42355,40441,42355,26114,1284,42355
2738,37998,51298,41857,51298,47970,26178,51298
3013,38826,51395,42355,51395,10785,17258,51395
3044,38930,52341,43493,52341,713,8726,52341
3141,10632,3834,47897,3834,30025,12794,3834
3641,21828,7791,49090,7791,8481,15566,7791
3834,23659,11834,50516,11834,32426,36805,11834
4753,24908,18689,50767,18689,52341,9800,18689
5164,37653,19206,51298,19206,40288,28917,19206
5312,40819,21770,51395,21770,41165,22158,21770
5372,41509,30636,52341,30636,37167,47970,30636
6048,47897,32027,53218,32027,34767,49545,32027
6067,7515,32649,53433,32649,30217,18801,32649
7791,24811,33602,111,33602,24065,2963,33602
8241,26598,33718,436,33718,47228,35844,33718
8511,26698,34332,581,34332,48252,7394,34332
8726,29512,48252,713,48252,46694,22606,48252
8889,34266,53333,990,53333,39520,23659,53333
8924,36934,53713,1186,53713,35570,53659,53713
11142,42355,835,1221,835,17258,21651,835
11834,51298,2249,1284,2249,26598,11834,2249
12794,51395,4530,1371,4530,44840,29145,4530
13173,52341,5312,1449,5312,35844,18689,5312
14731,7791,6048,1495,6048,36372,22425,6048
14928,11834,6463,1527,6463,12794,28967,6463
15566,18689,10886,1633,10886,14694,3207,10886
16312,30636,12321,2249,12321,16730,52341,12321
16418,3834,20030,2313,20030,14515,37759,20030
16573,19206,21521,2963,21521,8376,44572,21521
16707,32027,34365,3042,34365,30636,41165,34365
18689,32649,34794,3058,34794,8265,51310,34794
19206,33602,35353,3141,35353,15566,30025,35353
19233,33718,37373,3146,37373,46077,35570,37373
19335,48252,37998,3450,37998,13819,29911,37998
20827,53333,38826,3512,38826,8987,5285,38826
21770,53713,38930,3920,38930,53218,46077,38930
21865,964,395,4440,395,13549,29062,395
22220,3341,3013,4626,3013,4246,5763,3013
27809,4002,3044,4711,3044,44279,1054,3044
28663,4589,3141,4753,3141,26448,9199,3141
29488,4614,4753,5138,4753,36805,1056,4753
30021,5736,6067,5164,6067,14922,16894,6067
30636,5873,8241,6048,8241,33963,7123,8241
31819,7779,8726,6067,8726,37056,36934,8726
32027,7788,8924,6808,8924,53216,47479,8924
32426,9352,14731,7039,14731,48677,45613,14731
32649,10684,16312,7394,16312,21441,8718,16312
33602,15724,19233,7472,19233,21770,30636,19233
33718,16042,19335,7684,19335,21521,38062,19335
33963,16312,21865,8037,21865,14785,50610,21865
34332,16573,28663,8111,28663,10194,35353,28663
34333,17385,32426,8376,32426,39087,30463,32426
34880,18736,33963,8454,33963,43334,39238,33963
36805,19313,34880,8511,34880,42179,713,34880
36980,19547,36805,8679,36805,16976,23561,36805
39348,20430,36980,8718,36980,20808,19114,36980
39489,20899,39489,8726,39489,22606,24371,39489
40342,21934,40342,8780,40342,23875,3271,40342
40926,23877,40926,8889,40926,47665,6767,40926
41007,27961,43493,8987,43493,45187,41759,43493
41857,28089,45204,9044,45204,29828,30217,45204
42924,28635,46495,9535,46495,9658,16125,46495
43493,30071,46965,9611,46965,35024,44739,46965
44832,30197,49327,9709,49327,21828,631,49327
45204,30491,49521,9902,49521,38143,49956,49521
45613,31455,54060,9905,54060,53376,26598,54060
46495,38298,54181,10009,54181,44325,29828,54181
46965,39814,581,10480,581,1221,21428,581
47665,40094,5164,10632,5164,17387,3013,5164
