1	8481	8481	208924_at	5.000000	5623.337891	5677.358887
1	40441	40441	240578_at	5.000000	34.725121	34.929100
2	8489	8489	208932_at	6.000000	2155.456055	2157.271973
2	30692	30692	230824_at	6.000000	9.450592	11.359710
2	53433	53433	1567440_at	6.000000	88.046280	88.062134
3	7515	7515	207937_x_at	7.000000	199.993500	200.788605
3	7648	7648	208077_at	7.000000	47.331139	48.771820
3	9199	9199	209648_x_at	7.000000	501.841797	527.391907
3	10632	10632	211126_s_at	7.000000	27.477091	31.333441
3	21828	21828	32128_at	7.000000	60.102379	66.510689
3	23659	23659	223769_x_at	7.000000	340.978485	351.307892
3	24371	24371	224496_s_at	7.000000	635.001770	638.910095
3	24811	24811	224939_at	7.000000	1813.010986	1816.176025
3	24908	24908	225037_at	7.000000	1148.958984	1180.211060
3	25820	25820	225950_at	7.000000	710.358826	744.237915
3	26598	26598	226729_at	7.000000	117.300400	121.724098
3	26698	26698	226829_at	7.000000	52.312710	52.953011
3	29145	29145	229277_at	7.000000	66.888924	71.563072
3	29512	29512	229644_at	7.000000	273.647186	279.645386
3	34266	34266	234403_at	7.000000	184.944702	188.069000
3	36934	36934	237071_at	7.000000	84.276413	84.291237
3	37653	37653	237790_at	7.000000	4.692070	4.984368
3	40819	40819	240956_at	7.000000	35.163231	35.283329
3	41509	41509	241646_s_at	7.000000	54.058479	54.879059
3	42355	42355	242492_at	7.000000	184.249100	186.809296
3	47897	47897	1556588_at	7.000000	654.029480	672.120789
3	47965	47965	1556685_at	7.000000	4.881458	5.622676
3	51298	51298	1562264_at	7.000000	13.641950	13.776600
3	51395	51395	1562426_a_at	7.000000	32.710720	43.879631
3	52341	52341	1564264_at	7.000000	52.764580	55.721470
4	395	395	200805_at	8.000000	1027.546997	1027.984009
4	581	581	200991_s_at	8.000000	3799.722900	3812.928955
4	2738	2738	203148_s_at	8.000000	2665.673096	2709.260010
4	3013	3013	203424_s_at	8.000000	22.788990	22.959999
4	3044	3044	203455_s_at	8.000000	14129.469727	14830.080078
4	3141	3141	203552_at	8.000000	617.841675	619.359314
4	3641	3641	204052_s_at	8.000000	11.597960	12.428220
4	3834	3834	204245_s_at	8.000000	623.200378	643.448120
4	4753	4753	205164_at	8.000000	25.090710	25.454981
4	5164	5164	205575_at	8.000000	114.731003	114.986397
4	5312	5312	205723_at	8.000000	93.864014	95.465874
4	5372	5372	205783_at	8.000000	84.540749	85.984833
4	6048	6048	206460_at	8.000000	15.098880	17.262970
4	6067	6067	206479_at	8.000000	6.306489	9.911201
4	7791	7791	208224_at	8.000000	81.117798	82.180702
4	8241	8241	208684_at	8.000000	4177.937988	4196.634766
4	8511	8511	208954_s_at	8.000000	856.150574	875.050598
4	8726	8726	209170_s_at	8.000000	54.341148	56.890911
4	8889	8889	209334_s_at	8.000000	185.318802	188.813507
4	8924	8924	209369_at	8.000000	103.222198	104.809700
4	11142	11142	211678_s_at	8.000000	3588.324951	3623.881104
4	11834	11834	212387_at	8.000000	435.365387	439.538208
4	12794	12794	213351_s_at	8.000000	352.174805	354.585907
4	13173	13173	213731_s_at	8.000000	16.651760	18.335979
4	14731	14731	215295_at	8.000000	20.014360	20.530621
4	14928	14928	215493_x_at	8.000000	1104.458984	1107.381958
4	15566	15566	216132_at	8.000000	25.825371	28.404760
4	16312	16312	216880_at	8.000000	38.220760	41.345581
4	16418	16418	216986_s_at	8.000000	49.059189	50.721531
4	16573	16573	217144_at	8.000000	1963.009033	1965.730957
4	16707	16707	217280_x_at	8.000000	36.727489	38.903358
4	18689	18689	219263_at	8.000000	15.150250	15.935660
4	19206	19206	219780_at	8.000000	7.503275	7.567779
4	19233	19233	219807_x_at	8.000000	1205.302002	1207.227051
4	19335	19335	219909_at	8.000000	23.662300	25.556540
4	20827	20827	221402_at	8.000000	83.762772	84.214722
4	21770	21770	222349_x_at	8.000000	250.219604	251.409103
4	21865	21865	34221_at	8.000000	477.524109	492.423309
4	22220	22220	63825_at	8.000000	1350.011963	1385.994019
4	27809	27809	227941_at	8.000000	200.035599	200.519196
4	28663	28663	228795_at	8.000000	716.155273	727.333313
4	29488	29488	229620_at	8.000000	12.478840	18.127069
4	30021	30021	230153_at	8.000000	10.409340	10.424920
4	30636	30636	230768_at	8.000000	90.740250	92.857452
4	31819	31819	231951_at	8.000000	332.228210	339.656403
4	32027	32027	232159_at	8.000000	7.046443	7.155121
4	32426	32426	232558_at	8.000000	52.924889	57.761250
4	32649	32649	232782_at	8.000000	39.708118	43.445930
4	33602	33602	233737_s_at	8.000000	7.484145	8.283015
4	33718	33718	233854_x_at	8.000000	20.411800	20.816790
4	33963	33963	234099_at	8.000000	88.191452	89.040932
4	34332	34332	234469_at	8.000000	3.869761	3.918089
4	34333	34333	234470_at	8.000000	14.221400	14.624350
4	34880	34880	235017_s_at	8.000000	55.266178	58.446041
4	36805	36805	236942_at	8.000000	128.631607	129.745193
4	36980	36980	237117_at	8.000000	28.184521	28.226980
4	39348	39348	239485_at	8.000000	19.668921	20.100611
4	39489	39489	239626_x_at	8.000000	12.239810	12.686420
4	40342	40342	240479_at	8.000000	55.100578	56.892681
4	40926	40926	241063_at	8.000000	56.976711	65.891609
4	41007	41007	241144_at	8.000000	25.232100	29.589840
4	41857	41857	241994_at	8.000000	41.009399	43.062462
4	42924	42924	243061_at	8.000000	65.415916	66.523651
4	43493	43493	243630_at	8.000000	173.808899	176.119705
4	44832	44832	1552367_a_at	8.000000	3.127914	3.219466
4	45204	45204	1552857_a_at	8.000000	10.408040	11.610080
4	45613	45613	1553402_a_at	8.000000	50.065559	50.145302
4	46495	46495	1554591_at	8.000000	99.330582	104.102798
4	46965	46965	1555217_at	8.000000	32.285061	34.119659
4	47665	47665	1556224_a_at	8.000000	129.978394	130.878799
