1	30692	30692	230824_at	0.493423	8.084579	8.115094
2	40441	40441	240578_at	0.479546	34.725121	34.929100
3	8481	8481	208924_at	0.458778	5679.500977	5723.465820
4	47965	47965	1556685_at	0.442702	4.881458	5.622676
5	8489	8489	208932_at	0.397313	2155.456055	2157.271973
5	53433	53433	1567440_at	0.397313	88.046280	88.062134
6	8889	8889	209334_s_at	0.395816	185.318802	188.813507
6	22220	22220	63825_at	0.395816	1563.135986	1566.369019
6	41007	41007	241144_at	0.395816	25.232100	29.589840
6	44832	44832	1552367_a_at	0.395816	3.127914	3.219466
6	48401	48401	1557362_at	0.395816	5.000758	5.010686
7	7648	7648	208077_at	0.370590	47.331139	48.771820
7	9199	9199	209648_x_at	0.370590	501.841797	527.391907
7	24371	24371	224496_s_at	0.370590	635.001770	638.910095
7	25820	25820	225950_at	0.370590	710.358826	744.237915
7	29145	29145	229277_at	0.370590	66.888924	71.563072
8	835	835	201245_s_at	0.352161	2459.225098	2460.563965
8	2249	2249	202659_at	0.352161	5089.146973	5119.247070
8	4530	4530	204941_s_at	0.352161	8.180714	8.224646
8	5312	5312	205723_at	0.352161	55.262600	61.460918
8	6048	6048	206460_at	0.352161	10.165130	10.595900
8	6463	6463	206875_s_at	0.352161	1537.421997	1540.060059
8	10886	10886	211411_at	0.352161	100.522301	107.358803
8	12321	12321	212874_at	0.352161	3.812711	3.857436
8	20030	20030	220604_x_at	0.352161	10.334850	10.971010
8	21521	21521	222099_s_at	0.352161	1238.352051	1255.739990
8	21770	21770	222349_x_at	0.352161	260.171814	262.476990
8	34332	34332	234469_at	0.352161	3.195770	3.311075
8	34365	34365	234502_at	0.352161	47.842751	48.587761
8	34794	34794	234931_at	0.352161	80.255692	90.221474
8	35353	35353	235490_at	0.352161	161.820908	162.741898
8	37373	37373	237510_at	0.352161	318.374390	328.167114
8	37998	37998	238135_at	0.352161	265.317810	266.905487
8	38826	38826	238963_at	0.352161	299.459686	311.625397
8	38930	38930	239067_s_at	0.352161	10.708580	12.205180
9	10632	10632	211126_s_at	0.343571	27.477091	31.333441
9	21828	21828	32128_at	0.343571	60.102379	66.510689
9	23659	23659	223769_x_at	0.343571	340.978485	351.307892
9	24908	24908	225037_at	0.343571	1148.958984	1180.211060
9	37653	37653	237790_at	0.343571	4.692070	4.984368
9	40819	40819	240956_at	0.343571	35.163231	35.283329
9	41509	41509	241646_s_at	0.343571	54.058479	54.879059
9	47897	47897	1556588_at	0.343571	654.029480	672.120789
10	7515	7515	207937_x_at	0.332312	199.993500	200.788605
10	24811	24811	224939_at	0.332312	1813.010986	1816.176025
10	26598	26598	226729_at	0.332312	117.300400	121.724098
10	26698	26698	226829_at	0.332312	55.024502	55.564659
10	29512	29512	229644_at	0.332312	273.647186	279.645386
10	34266	34266	234403_at	0.332312	184.944702	188.069000
10	36934	36934	237071_at	0.332312	84.276413	84.291237
10	42355	42355	242492_at	0.332312	184.249100	186.809296
10	51298	51298	1562264_at	0.332312	13.641950	13.776600
10	51395	51395	1562426_a_at	0.332312	32.710720	43.879631
10	52341	52341	1564264_at	0.332312	52.764580	55.721470
11	7791	7791	208224_at	0.323836	81.117798	82.180702
11	11834	11834	212387_at	0.323836	435.365387	439.538208
11	18689	18689	219263_at	0.323836	16.021240	18.047600
11	30636	30636	230768_at	0.323836	90.740250	92.857452
12	3834	3834	204245_s_at	0.323835	623.200378	643.448120
12	19206	19206	219780_at	0.323835	7.503275	7.567779
12	32027	32027	232159_at	0.323835	7.046443	7.155121
12	32649	32649	232782_at	0.323835	39.708118	43.445930
12	33602	33602	233737_s_at	0.323835	7.484145	8.283015
12	33718	33718	233854_x_at	0.323835	20.411800	20.816790
12	48252	48252	1557120_at	0.323835	184.442307	184.951904
12	53333	53333	1567027_at	0.323835	6.491181	6.534484
12	53713	53713	1568931_at	0.323835	35.031799	35.420200
13	964	964	201374_x_at	0.311278	4.645500	4.870550
13	3341	3341	203752_s_at	0.311278	13666.740234	14551.580078
13	4002	4002	204413_at	0.311278	54.262989	55.676430
13	4589	4589	205000_at	0.311278	4473.499023	4769.587891
13	4614	4614	205025_at	0.311278	422.150299	443.864807
13	5736	5736	206148_at	0.311278	17.744650	19.279499
13	5873	5873	206285_at	0.311278	26.325291	26.371149
13	7779	7779	208212_s_at	0.311278	88.966583	89.413857
13	7788	7788	208221_s_at	0.311278	70.045380	72.681099
13	9352	9352	209803_s_at	0.311278	159.996994	164.481400
13	10684	10684	211180_x_at	0.311278	115.647202	129.898697
13	15724	15724	216290_x_at	0.311278	63.770981	66.768517
13	16042	16042	216610_at	0.311278	72.901810	74.008583
13	16312	16312	216880_at	0.311278	55.254440	56.152802
13	16573	16573	217144_at	0.311278	2275.757080	2356.714111
13	17385	17385	217958_at	0.311278	2604.043945	2612.315918
13	18736	18736	219310_at	0.311278	43.021130	54.030972
13	19313	19313	219887_at	0.311278	8.893328	9.042800
13	19547	19547	220121_at	0.311278	236.222900	241.424301
13	20430	20430	221004_s_at	0.311278	656.844482	698.207886
13	20899	20899	221474_at	0.311278	18908.099609	18917.330078
13	21934	21934	37201_at	0.311278	158.872192	170.908798
13	23877	23877	223989_s_at	0.311278	334.066986	335.286804
13	27961	27961	228093_at	0.311278	106.631401	106.855400
13	28089	28089	228221_at	0.311278	36.970371	38.372120
13	28635	28635	228767_at	0.311278	8.049284	8.185656
13	30071	30071	230203_at	0.311278	407.397797	422.393188
13	30197	30197	230329_s_at	0.311278	209.404495	217.694504
13	30491	30491	230623_x_at	0.311278	501.094788	535.905701
13	31455	31455	231587_at	0.311278	5.039616	5.159350
13	38298	38298	238435_at	0.311278	108.313698	112.176300
13	39814	39814	239951_at	0.311278	18.301340	18.546261
13	40094	40094	240231_at	0.311278	413.999298	423.029114
