1	8481	8481	208924_at	3.000000	5677.358887	5679.500977
2	2738	2738	203148_s_at	4.000000	2665.673096	2709.260010
2	3013	3013	203424_s_at	4.000000	18.930820	19.634100
2	3641	3641	204052_s_at	4.000000	11.597960	12.428220
2	5312	5312	205723_at	4.000000	93.864014	95.465874
2	5372	5372	205783_at	4.000000	84.540749	85.984833
2	7515	7515	207937_x_at	4.000000	191.580902	199.993500
2	7791	7791	208224_at	4.000000	49.208359	54.562981
2	8489	8489	208932_at	4.000000	2155.456055	2157.271973
2	11142	11142	211678_s_at	4.000000	3588.324951	3623.881104
2	13173	13173	213731_s_at	4.000000	16.651760	18.335979
2	14928	14928	215493_x_at	4.000000	1104.458984	1107.381958
2	15566	15566	216132_at	4.000000	30.256121	30.267811
2	16418	16418	216986_s_at	4.000000	49.059189	50.721531
2	16707	16707	217280_x_at	4.000000	36.727489	38.903358
2	22220	22220	63825_at	4.000000	1350.011963	1385.994019
2	24811	24811	224939_at	4.000000	1813.010986	1816.176025
2	26598	26598	226729_at	4.000000	121.724098	133.385696
2	26698	26698	226829_at	4.000000	52.312710	52.953011
2	29145	29145	229277_at	4.000000	55.849918	57.867641
2	29488	29488	229620_at	4.000000	12.478840	18.127069
2	29512	29512	229644_at	4.000000	273.647186	279.645386
2	30021	30021	230153_at	4.000000	10.695260	10.801880
2	30636	30636	230768_at	4.000000	79.044724	79.324257
2	30692	30692	230824_at	4.000000	9.044097	9.339948
2	34266	34266	234403_at	4.000000	184.944702	188.069000
2	34333	34333	234470_at	4.000000	14.221400	14.624350
2	36934	36934	237071_at	4.000000	84.276413	84.291237
2	37653	37653	237790_at	4.000000	5.152309	5.223498
2	39348	39348	239485_at	4.000000	19.668921	20.100611
2	40342	40342	240479_at	4.000000	70.697258	82.067322
2	40441	40441	240578_at	4.000000	30.397720	33.225201
2	41857	41857	241994_at	4.000000	41.009399	43.062462
2	42355	42355	242492_at	4.000000	186.809296	196.329803
2	43493	43493	243630_at	4.000000	183.154297	186.794800
2	47897	47897	1556588_at	4.000000	642.405884	649.549927
2	49090	49090	1558570_at	4.000000	57.210232	57.570042
2	50516	50516	1561009_at	4.000000	6.802935	6.841352
2	50767	50767	1569452_at	4.000000	11.610440	11.771370
2	51298	51298	1562264_at	4.000000	13.641950	13.776600
2	51395	51395	1562426_a_at	4.000000	31.530260	32.710720
2	52341	52341	1564264_at	4.000000	52.764580	55.721470
2	53218	53218	1566823_a_at	4.000000	89.207626	91.043678
2	53433	53433	1567440_at	4.000000	84.323151	88.046280
3	111	111	200028_s_at	5.000000	5285.184082	5311.931152
3	436	436	200846_s_at	5.000000	7149.992188	7205.353027
3	581	581	200991_s_at	5.000000	3666.774902	3766.417969
3	713	713	201123_s_at	5.000000	2116.520996	2120.304932
3	990	990	201400_at	5.000000	8435.866211	8568.175781
3	1186	1186	201596_x_at	5.000000	201.295807	206.963501
3	1221	1221	201631_s_at	5.000000	14183.790039	14950.400391
3	1284	1284	201694_s_at	5.000000	3106.318115	3312.385986
3	1371	1371	201781_s_at	5.000000	1813.228027	1834.645020
3	1449	1449	201859_at	5.000000	32486.660156	32709.349609
3	1495	1495	201905_s_at	5.000000	95.390938	98.779678
3	1527	1527	201937_s_at	5.000000	834.368774	876.877014
3	1633	1633	202043_s_at	5.000000	1507.963013	1522.578979
3	2249	2249	202659_at	5.000000	5456.301758	5457.857910
3	2313	2313	202723_s_at	5.000000	488.775787	496.209290
3	2963	2963	203374_s_at	5.000000	806.249023	807.414978
3	3042	3042	203453_at	5.000000	9.339589	9.590718
3	3058	3058	203469_s_at	5.000000	250.216507	251.936203
3	3141	3141	203552_at	5.000000	655.380371	660.839478
3	3146	3146	203557_s_at	5.000000	328.425415	334.933197
3	3450	3450	203861_s_at	5.000000	9.844032	10.395410
3	3512	3512	203923_s_at	5.000000	6916.935059	6996.110840
3	3920	3920	204331_s_at	5.000000	1257.459961	1270.814941
3	4440	4440	204851_s_at	5.000000	5.664829	5.682778
3	4626	4626	205037_at	5.000000	534.090088	537.198975
3	4711	4711	205122_at	5.000000	85.539864	91.612846
3	4753	4753	205164_at	5.000000	22.815001	22.967110
3	5138	5138	205549_at	5.000000	17.630970	21.084869
3	5164	5164	205575_at	5.000000	113.684700	114.731003
3	6048	6048	206460_at	5.000000	27.173479	29.628220
3	6067	6067	206479_at	5.000000	20.295879	20.439970
3	6808	6808	207221_at	5.000000	20.214861	25.695570
3	7039	7039	207455_at	5.000000	56.337002	58.722321
3	7394	7394	207813_s_at	5.000000	146.948898	148.850098
3	7472	7472	207891_s_at	5.000000	309.036987	318.204590
3	7684	7684	208113_x_at	5.000000	30112.500000	30481.019531
3	8037	8037	208477_at	5.000000	24.848961	26.005409
3	8111	8111	208551_at	5.000000	58.302860	64.702438
3	8376	8376	208819_at	5.000000	4681.042969	4684.773926
3	8454	8454	208897_s_at	5.000000	1644.937988	1651.697021
3	8511	8511	208954_s_at	5.000000	850.102905	856.150574
3	8679	8679	209123_at	5.000000	1321.194946	1347.271973
3	8718	8718	209162_s_at	5.000000	834.163086	839.340088
3	8726	8726	209170_s_at	5.000000	44.637600	46.984779
3	8780	8780	209224_s_at	5.000000	4553.738770	4603.424805
3	8889	8889	209334_s_at	5.000000	158.496597	164.602295
3	8987	8987	209432_s_at	5.000000	764.326782	766.179504
3	9044	9044	209489_at	5.000000	2604.416992	2631.679932
3	9535	9535	209987_s_at	5.000000	8.083647	9.602840
3	9611	9611	210064_s_at	5.000000	50.503880	52.478378
3	9709	9709	210163_at	5.000000	42.281570	43.406170
3	9902	9902	210362_x_at	5.000000	155.171600	157.516296
3	9905	9905	210365_at	5.000000	120.250397	127.250099
3	10009	10009	210470_x_at	5.000000	3199.770996	3404.393066
3	10480	10480	210971_s_at	5.000000	706.191589	707.834106
3	10632	10632	211126_s_at	5.000000	37.172531	44.245991
