1	30692	30692	230824_at	-5.369513
2	22220	22220	63825_at	5.332063
3	48252	48252	1557120_at	-4.628451
4	16312	16312	216880_at	-4.401179
5	8987	8987	209432_s_at	4.389613
6	31549	31549	231681_x_at	-4.349400
7	6067	6067	206479_at	-4.349012
8	16573	16573	217144_at	-4.305430
9	8481	8481	208924_at	-4.303653
10	40342	40342	240479_at	-4.282459
11	44592	44592	244729_at	4.188065
12	7515	7515	207937_x_at	-4.187382
13	8265	8265	208708_x_at	4.185071
14	8889	8889	209334_s_at	-4.167791
15	40779	40779	240916_x_at	-4.165551
16	19335	19335	219909_at	-4.161113
17	47419	47419	1555853_at	-4.141321
18	40441	40441	240578_at	-4.071395
19	8489	8489	208932_at	4.064273
20	34745	34745	234882_at	-4.021374
21	32426	32426	232558_at	-4.014593
22	12724	12724	213281_at	-4.013854
23	49854	49854	1559876_at	3.999650
24	35542	35542	235679_at	-3.995143
25	51395	51395	1562426_a_at	-3.985328
26	21521	21521	222099_s_at	-3.966594
27	21770	21770	222349_x_at	-3.960266
28	23709	23709	223819_x_at	3.957011
29	28089	28089	228221_at	-3.953877
30	26448	26448	226578_s_at	-3.953583
31	5312	5312	205723_at	-3.947809
32	1284	1284	201694_s_at	-3.932216
33	26178	26178	226308_at	3.919738
34	17258	17258	217831_s_at	3.905481
35	8726	8726	209170_s_at	3.883740
36	12794	12794	213351_s_at	3.880901
37	15566	15566	216132_at	-3.876252
38	36805	36805	236942_at	-3.876050
39	9800	9800	210258_at	-3.864857
40	28917	28917	229049_at	-3.860746
41	22158	22158	54037_at	3.857798
42	47970	47970	1556695_a_at	-3.857630
43	49545	49545	1559340_at	-3.855466
44	18801	18801	219375_at	3.832942
45	2963	2963	203374_s_at	3.823568
46	35844	35844	235981_at	-3.822380
47	7394	7394	207813_s_at	3.812034
48	22606	22606	222713_s_at	3.810079
49	23659	23659	223769_x_at	-3.804273
50	53659	53659	1568854_at	-3.803031
51	21651	21651	222229_x_at	-3.802319
52	11834	11834	212387_at	3.777021
53	29145	29145	229277_at	-3.774837
54	18689	18689	219263_at	-3.763424
55	22425	22425	222532_at	3.760027
56	28967	28967	229099_at	3.736308
57	3207	3207	203618_at	-3.735622
58	52341	52341	1564264_at	-3.733026
59	37759	37759	237896_at	-3.731838
60	44572	44572	244709_at	-3.699481
61	41165	41165	241302_at	-3.694516
62	51310	51310	1562280_at	3.687897
63	30025	30025	230157_at	-3.661574
64	35570	35570	235707_at	-3.648334
65	29911	29911	230043_at	-3.635359
66	5285	5285	205696_s_at	-3.635067
67	46077	46077	1554010_at	-3.623525
68	29062	29062	229194_at	-3.620550
69	5763	5763	206175_x_at	3.616574
70	1054	1054	201464_x_at	-3.616382
71	9199	9199	209648_x_at	-3.604259
72	1056	1056	201466_s_at	-3.602762
73	16894	16894	217467_at	-3.602692
74	7123	7123	207540_s_at	3.594858
75	36934	36934	237071_at	-3.592560
76	47479	47479	1555938_x_at	-3.590924
77	45613	45613	1553402_a_at	3.588172
78	8718	8718	209162_s_at	3.577696
79	30636	30636	230768_at	-3.572438
80	38062	38062	238199_x_at	-3.567906
81	50610	50610	1561141_at	-3.567757
82	35353	35353	235490_at	-3.561276
83	30463	30463	230595_at	-3.557385
84	39238	39238	239375_at	-3.555988
85	713	713	201123_s_at	3.554513
86	23561	23561	223671_x_at	-3.549501
87	19114	19114	219688_at	-3.546005
88	24371	24371	224496_s_at	-3.544423
89	3271	3271	203682_s_at	3.543823
90	6767	6767	207180_s_at	3.538440
91	41759	41759	241896_at	-3.538147
92	30217	30217	230349_at	-3.537600
93	16125	16125	216693_x_at	-3.530519
94	44739	44739	244876_at	3.524818
95	631	631	201041_s_at	-3.510649
96	49956	49956	1560043_at	-3.509614
97	26598	26598	226729_at	3.494339
98	29828	29828	229960_at	3.493343
99	21428	21428	222006_at	3.491655
100	3013	3013	203424_s_at	-3.478997
