1	40441	40441	240578_at	0.143862	34.725121	34.929100
2	8481	8481	208924_at	0.140977	5623.337891	5677.358887
3	30692	30692	230824_at	0.134615	8.084579	8.115094
4	8489	8489	208932_at	0.123737	2155.456055	2157.271973
4	53433	53433	1567440_at	0.123737	88.046280	88.062134
5	47965	47965	1556685_at	0.120370	4.881458	5.622676
6	7648	7648	208077_at	0.112667	47.331139	48.771820
6	9199	9199	209648_x_at	0.112667	501.841797	527.391907
6	24371	24371	224496_s_at	0.112667	635.001770	638.910095
6	25820	25820	225950_at	0.112667	710.358826	744.237915
6	29145	29145	229277_at	0.112667	66.888924	71.563072
7	10632	10632	211126_s_at	0.108056	27.477091	31.333441
7	21828	21828	32128_at	0.108056	60.102379	66.510689
7	23659	23659	223769_x_at	0.108056	340.978485	351.307892
7	24908	24908	225037_at	0.108056	1148.958984	1180.211060
7	37653	37653	237790_at	0.108056	4.692070	4.984368
7	40819	40819	240956_at	0.108056	35.163231	35.283329
7	41509	41509	241646_s_at	0.108056	54.058479	54.879059
7	47897	47897	1556588_at	0.108056	654.029480	672.120789
8	8889	8889	209334_s_at	0.107143	185.318802	188.813507
8	22220	22220	63825_at	0.107143	1563.135986	1566.369019
8	41007	41007	241144_at	0.107143	25.232100	29.589840
8	44832	44832	1552367_a_at	0.107143	3.127914	3.219466
8	48401	48401	1557362_at	0.107143	5.000758	5.010686
9	7515	7515	207937_x_at	0.105890	199.993500	200.788605
9	24811	24811	224939_at	0.105890	1813.010986	1816.176025
9	26598	26598	226729_at	0.105890	117.300400	121.724098
9	26698	26698	226829_at	0.105890	52.312710	52.953011
9	29512	29512	229644_at	0.105890	273.647186	279.645386
9	34266	34266	234403_at	0.105890	184.944702	188.069000
9	36934	36934	237071_at	0.105890	84.276413	84.291237
9	42355	42355	242492_at	0.105890	184.249100	186.809296
9	51298	51298	1562264_at	0.105890	13.641950	13.776600
9	51395	51395	1562426_a_at	0.105890	32.710720	43.879631
9	52341	52341	1564264_at	0.105890	52.764580	55.721470
10	3834	3834	204245_s_at	0.098901	623.200378	643.448120
10	7791	7791	208224_at	0.098901	81.117798	82.180702
10	11834	11834	212387_at	0.098901	435.365387	439.538208
10	18689	18689	219263_at	0.098901	16.021240	18.047600
10	19206	19206	219780_at	0.098901	7.503275	7.567779
10	21770	21770	222349_x_at	0.098901	250.219604	251.409103
10	30636	30636	230768_at	0.098901	90.740250	92.857452
10	32027	32027	232159_at	0.098901	7.046443	7.155121
10	32649	32649	232782_at	0.098901	39.708118	43.445930
10	33602	33602	233737_s_at	0.098901	7.484145	8.283015
10	33718	33718	233854_x_at	0.098901	20.411800	20.816790
10	34332	34332	234469_at	0.098901	3.869761	3.918089
10	48252	48252	1557120_at	0.098901	184.442307	184.951904
10	53333	53333	1567027_at	0.098901	6.491181	6.534484
10	53713	53713	1568931_at	0.098901	35.031799	35.420200
11	835	835	201245_s_at	0.094828	2459.225098	2460.563965
11	2249	2249	202659_at	0.094828	5089.146973	5119.247070
11	4530	4530	204941_s_at	0.094828	8.180714	8.224646
11	5312	5312	205723_at	0.094828	55.262600	61.460918
11	6048	6048	206460_at	0.094828	10.165130	10.595900
11	6463	6463	206875_s_at	0.094828	1537.421997	1540.060059
11	10886	10886	211411_at	0.094828	100.522301	107.358803
11	12321	12321	212874_at	0.094828	3.812711	3.857436
11	20030	20030	220604_x_at	0.094828	10.334850	10.971010
11	21521	21521	222099_s_at	0.094828	1238.352051	1255.739990
11	34365	34365	234502_at	0.094828	47.842751	48.587761
11	34794	34794	234931_at	0.094828	80.255692	90.221474
11	35353	35353	235490_at	0.094828	161.820908	162.741898
11	37373	37373	237510_at	0.094828	318.374390	328.167114
11	37998	37998	238135_at	0.094828	265.317810	266.905487
11	38826	38826	238963_at	0.094828	299.459686	311.625397
11	38930	38930	239067_s_at	0.094828	10.708580	12.205180
12	395	395	200805_at	0.093750	1027.546997	1027.984009
12	3013	3013	203424_s_at	0.093750	22.788990	22.959999
12	3044	3044	203455_s_at	0.093750	14129.469727	14830.080078
12	3141	3141	203552_at	0.093750	617.841675	619.359314
12	4753	4753	205164_at	0.093750	25.090710	25.454981
12	6067	6067	206479_at	0.093750	6.306489	9.911201
12	8241	8241	208684_at	0.093750	4177.937988	4196.634766
12	8726	8726	209170_s_at	0.093750	54.341148	56.890911
12	8924	8924	209369_at	0.093750	103.222198	104.809700
12	14731	14731	215295_at	0.093750	20.014360	20.530621
12	16312	16312	216880_at	0.093750	38.220760	41.345581
12	19233	19233	219807_x_at	0.093750	1205.302002	1207.227051
12	19335	19335	219909_at	0.093750	23.662300	25.556540
12	21865	21865	34221_at	0.093750	477.524109	492.423309
12	28663	28663	228795_at	0.093750	716.155273	727.333313
12	32426	32426	232558_at	0.093750	52.924889	57.761250
12	33963	33963	234099_at	0.093750	88.191452	89.040932
12	34880	34880	235017_s_at	0.093750	55.266178	58.446041
12	36805	36805	236942_at	0.093750	138.814804	144.712708
12	36980	36980	237117_at	0.093750	28.184521	28.226980
12	39489	39489	239626_x_at	0.093750	12.239810	12.686420
12	40342	40342	240479_at	0.093750	55.100578	56.892681
12	40926	40926	241063_at	0.093750	56.976711	65.891609
12	43493	43493	243630_at	0.093750	173.808899	176.119705
12	45204	45204	1552857_a_at	0.093750	10.408040	11.610080
12	46495	46495	1554591_at	0.093750	99.330582	104.102798
12	46965	46965	1555217_at	0.093750	32.285061	34.119659
12	49327	49327	1558963_at	0.093750	22.111971	25.733681
12	49521	49521	1559293_x_at	0.093750	78.416496	79.178177
12	54060	54060	1569579_at	0.093750	7.035228	7.089310
12	54181	54181	1569779_at	0.093750	14.746850	15.439920
13	581	581	200991_s_at	0.090909	3799.722900	3812.928955
13	5164	5164	205575_at	0.090909	114.731003	114.986397
